0000000100000000
0000000100000000
0000000100000000
0000000100000000
0000000100000000
0000000100000000
0000101000000000
0000101000000000
0000101000000000
0000101000000000
0000101000000000
0000101000000000
0011001000000000
0011001000000000
0011001000000000
0011001000000000
0011001000000000
0011001000000000
0001010000000000
0001010000000000
0001010000000000
0001010000000000
0001010000000000
0001010000000000
0001111000000000
0001111000000000
0001111000000000
0001111000000000
0001111000000000
0001111000000000